C_equivalent	DeltaC_equivalent
14.4851				-0.2351760611008481
14.9351				-3.8033038551290708
10.1135				-1.661216522867504
12.311				-3.501849491891808
14.451				3.412747684930506
15.2362				1.5337813652598986
15.1141				-2.8921239047632037
13.0177				-0.9153473747464373
14.1901				1.8460944389002958
11.017				4.152568818655738
13.9342				-3.802268238206493
9.63488				1.849863077679791
14.5199				1.587033863336682
14.3695				-0.16883119749620906
12.2284				-1.7460830100600102
14.6546				-1.2719842533822148
9.70739				-3.702717548495074
11.7795				-0.09044054367417344
10.6062				0.666290276495312
10.5203				-8.137065675404425
14.5775				-1.4250244191943875
14.7866				1.0373068396681784
13.056				-3.506703549317667
14.5206				-2.7136255368343054
13.6576				1.3716130106692517
14.375				-5.942316839150383
14.6892				-4.287141718431033
10.4399				-0.7017367648224653
13.7577				-2.5627245000780716
15.3805				3.6555857571210715
13.1195				0.062226601707354036
10.8864				-0.23868209275197916
14.4657				0.9722933166454819
14.2178				5.555225977214203
14.7168				-3.432481070146439
14.2665				4.5413834733754
7.8108				0.744793943296056
11.4794				4.848930339036431
14.2932				-3.6038958814892763
15.4364				1.9037808309095228
9.83562				-0.675048041715433
12.2862				-1.4890397811150518
13.4724				-1.7655825402096998
15.1949				3.6722375879697187
15.2714				-5.648360370319794
15.1497				-3.4636659006165367
14.17				4.983362797442094
13.5294				2.6117180601183487
15.3764				-3.0539782239738678
10.797				-1.0311062262828985
15.1363				0.7185337452222376
12.3482				0.025853706653696767
14.3057				0.0860930411132639
14.6469				1.070808290347217
13.6479				-0.5517128447490351
14.9402				1.492506613843193
13.7569				0.19167161793206988
8.86133				-0.2844367852354665
12.6389				0.043335200847012034
7.55404				-0.475115557322652
15.2623				-2.618301722695957
15.0935				-4.393442570940286
14.7238				-0.03856921673182565
15.1318				-3.8257323270445815
12.7226				-2.2316359335077025
12.9528				-1.5798757491011808
15.399				6.347271858251506
12.2606				1.2309509344407983
13.9841				-5.31960576377059
14.9056				1.6709508322269384
14.3997				-3.2687304903605994
12.0981				3.1778877300216655
14.8097				2.911586718705267
13.2961				3.516545422707972
8.2649				-2.8733675575235327
11.746				3.3530642908148725
12.4548				2.923378295828245
15.0776				-1.1507115082295845
12.3701				3.5657640141263798
14.3616				3.8073053403398807
10.0353				-1.4672834398745944
12.8363				-0.2506622851324801
15.1484				-0.7558515752196634
11.4156				-2.13211423075972
13.8762				0.46248015675342946
13.0763				4.110367489634507
11.4521				3.0219618912322814
11.4031				-1.915598093203798
14.5909				1.8008830740737582
15.3516				1.2153460684672046
13.9798				-2.8074302570652896
7.93039				-3.6096003617399983
9.23874				-3.468025517461049
15.2064				-1.952459261572511
13.7616				-2.032277678354817
12.1376				-0.5521416259183026
15.3161				-1.9689394915647678
14.5151				-0.36573486334336947
13.9231				6.222422744937562
12.7868				0.32907014780758875
8.04766				3.112869859369046
13.8919				-1.2826626826712264
10.7034				-6.312848156017804
14.4769				-0.2657897764715316
10.5614				3.3085252327466383
14.6481				-2.1843796956022308
13.7617				-3.159907249014993
7.47503				-3.5217750106344825
13.2528				4.0558067327177625
15.1364				5.59921373581585
13.7956				-6.961827042820991
14.4794				-7.226560528327639
14.2422				1.623696201699968
14.8004				0.8832081664121141
13.8123				-0.49767397288256066
11.7708				1.4742158817588726
13.0243				1.8976732480253258
12.7659				1.3719617123652421
7.74766				0.6290054636242879
14.1034				8.414881151955885
14.4906				-6.060077537237028
15.2421				-2.9444551643351975
15.3866				-1.1422181449231346
15.079				-1.4460410235847545
15.3649				2.5958118247925763
14.0341				0.4851520325424393
14.1338				-0.3700293156065816
13.5626				3.2701232764679755
15.3272				2.516684014692208
13.8846				-2.891476851089749
12.9708				0.6666749442213051
13.574				-2.289555172905391
13.3472				2.9153163267608964
15.3923				-6.508339570483685
15.1496				2.817660975221631
8.42117				-1.0290105795863036
14.6717				-2.4202145950996563
14.8372				-0.17045644738315907
10.8355				-0.4487655357265246
14.5674				-2.747367811211985
7.7313				1.6643293747366328
14.529				-2.956807180868439
10.4994				-1.1339215496818968
11.1505				3.6449718565502542
10.9899				-5.704794566902846
10.1369				-0.6243261820083263
14.5506				1.0736427181547452
14.4823				-3.2446767321269023
12.0589				-0.0420228222323876
14.4793				0.6073206331370565
14.6414				-1.07345184032049
9.55062				-2.9856768019764055
14.3339				-2.063985547063218
15.214				-0.5515709526556909
15.1112				-4.387272263665169
11.4596				2.791415741815704
14.4801				-1.3026372066989018
13.6016				2.782355766788341
13.6798				1.7569552383385365
11.7751				-0.10657245736437285
14.3533				1.1876629516414217
14.8661				3.2195471201137185
14.0661				-0.19620732291693777
12.9681				1.6312218018489377
14.7247				-0.2289819279516427
8.76345				7.229940533229609
11.5205				2.140976430325252
14.5765				-3.8066912706968337
14.6934				-2.9624106658701557
14.1931				2.879416195989343
14.9845				-0.8594636633494728
9.61598				9.857459769028434
13.7912				-2.6011386819892786
14.6225				1.8758105636283193
15.3207				-4.147723629808868
14.6586				-3.3215400181290713
14.7692				-1.4736803867334634
14.0937				-4.060502406535769
14.3359				-0.6369664855477735
15.2116				-6.8663730629409505
11.485				-0.7936368454911151
13.5511				-4.092736836119142
13.984				-2.403914668336734
13.5734				-4.5715981826106225
12.7833				3.6857058538806773
14.868				3.128607376700608
14.3602				-1.9631852162479628
13.1359				2.3279250256727044
12.9987				3.0162416485365053
15.2357				0.736324581887148
15.2631				-3.352586916020283
11.6641				3.600798163461491
8.42336				-3.6628277583724502
13.5399				0.5864584316768379
13.6216				4.270148703946186
6.9468				-1.8387428583116532
15.3077				-3.498114404744651
12.0268				3.302661751008711
15.3947				2.3476943384428397
11.6065				-0.7459547910921992
14.792				1.8554144431708264
12.876				2.1940574878794266
10.2733				1.6694790822982153
13.0332				1.1500116787113706
11.5119				0.7847799110932128
13.2128				-5.470425460344581
13.8496				-3.742840495380106
8.40689				-3.3311552129591435
12.9656				-0.02485505234617905
15.2312				-5.696559870196002
10.4301				2.3439321698762576
11.8517				-2.3241406782150538
13.8175				-2.906343690850095
15.0855				-4.342583285981969
15.3045				-1.7074456905707107
13.4611				3.282009084023511
15.1321				-0.3657470395801962
11.5048				0.6587504127856717
12.7209				3.7018900415098828
13.841				-0.9874107806131802
11.3969				-0.6970475672328289
9.92906				0.5410606503474756
8.54057				-1.5818242375073768
10.0911				1.2139449544629624
12.8403				1.0045557391209323
13.346				3.3100777593068162
14.852				2.759130851133882
14.9338				-0.9593978397564858
13.0725				-3.184830464159818
7.91911				-2.6699631115277396
15.3634				-1.5467800235207436
15.4624				-1.4328811941262714
9.88558				2.658721723989945
11.6054				0.08007555702756404
14.1391				-2.8513797748818983
8.00785				0.6266574718765264
13.8696				3.187372647655737
12.0927				4.621945404958103
12.5844				3.666583774210673
13.5229				-1.5933155254343787
12.7855				-3.047390381727888
15.3812				-0.007593371082296264
7.45311				-0.21404231678099978
15.3454				-1.9547214442661773
9.83483				1.1433604210738004
14.9728				-1.504884042770545
8.76044				-0.4662853135609729
13.3157				-4.282469573244966
12.9099				-0.13645130684678697
12.6395				1.840132312154344
14.082				-2.092970643586673
13.4115				-3.0179120032132913
12.1573				3.6706927055431056
9.99437				-1.8561280367070796
14.1204				3.50633800000194
15.1482				-4.627311967861389
14.2952				3.793265130287388
14.981				0.14050894526924346
10.7152				0.2650440021646492
13.2077				-2.2018133299670177
13.7842				0.31738453075454326
15.1837				8.179122124696631
14.3648				1.766948983625542
14.362				3.743092479886963
14.8404				-1.1185478188960514
13.3411				-1.205360895389361
15.1695				4.145137446062418
13.5386				-5.188707636695389
13.7885				-2.408062383636478
11.6072				1.8090534962182712
14.415				-0.08331675853112545
11.7835				-0.47324553690000415
12.998				0.18506074326213953
13.5233				-2.747116381006034
9.10898				-1.9939988559369302
12.6598				-1.0576721520945591
14.5058				-0.8164709683083724
15.4487				4.658654706514589
13.5098				3.0304540629906978
14.7166				-1.113601457209331
8.44814				-2.491414084308893
8.93147				3.0853949480284815
8.28543				-3.2694317593955633
13.9444				-4.703278639283368
9.98661				3.499666783069177
14.3141				4.706018519960194
15.0342				0.8408474717077538
15.37				2.2398726060728285
13.2066				-1.8991550690288477
12.6				-3.9777563977522705
11.2047				0.37501065815233636
14.8349				2.2702318190471162
13.7455				-1.4327857838795428
14.0717				-3.9643340442656543
7.91928				-4.598057460040004
13.1385				2.605994664466318
13.4158				2.40105282179086
13.2024				-4.28362596776033
13.3674				1.922184502188159
14.0218				-2.872095739036986
13.7252				-0.4337426740351885
13.1602				2.8114850338650825
15.1886				-0.4647454094579153
9.58732				3.6750703036315944
15.4416				0.722476972386468
13.1386				-2.147107370862025
13.8912				-2.9930495201594125
12.4144				1.7644671690347038
11.4668				1.8711980492267388
14.4652				2.3433293511306634
14.9833				2.769127638559368
7.93471				-4.086091011752203
14.3534				-0.2656083721660246
15.1724				-5.82307681330061
15.1589				8.506790795992249
14.986				5.861035496970529
10.657				-3.1751502094695763
14.9847				-0.8828453941772129
9.88247				-2.7032376393782465
7.45608				-2.634080532485082
10.5208				-1.148025513866699
15.1342				0.7136505086903927
11.5136				1.1363719066121973
15.0072				0.9012866823165204
14.1689				-0.9286636086069349
14.4815				-2.0120239513583402
14.9754				0.8361685757626736
13.8493				-0.7575482312697175
14.336				-1.631560629192255
15.2885				4.134695284458877
13.3551				-1.312559733420012
15.3952				3.2507372673270907
13.5145				-2.489162822424074
10.3291				-1.9248670632445721
15.0954				-3.823826317384632
13.5191				-0.5416340097861567
13.5578				1.302876129115282
9.92345				2.3830674542042414
14.9205				1.3230541280398427
13.3731				0.23888323123421784
15.0639				-1.178911208432319
13.5739				1.629217677327006
8.56274				3.232501711765937
10.9074				-1.2766958029072657
15.0277				-1.4896185184240318
15.153				2.067874602513879
8.45078				2.702227095846535
13.3635				-2.4983132467348623
14.9835				6.462611252279961
14.0623				2.3469090799585532
9.88627				-2.8326529154888647
14.7823				-6.404114828110906
14.4633				0.8705412068707634
14.7671				-4.978967486644115
15.2926				1.2993780548156408
12.8506				-0.5672117007930444
11.7892				4.676881693036852
15.0677				-1.6511774517840243
13.2441				-6.287919437063308
9.82707				2.997016896165027
14.2065				1.8674676437404214
8.55841				0.43275022009188124
10.6796				0.678937134239763
12.7601				1.5267501694876309
12.725				-0.6005630156521247
13.1442				3.57009668948493
15.2709				-0.8306844852397416
14.4495				0.5920266397759514
15.1096				3.113703055284708
8.24673				-3.757423304207182
14.8469				0.278516613021178
14.4717				2.735050293216673
10.4305				0.7195262080449805
14.7474				1.7494564025778747
13.5762				-0.5166341228642091
14.7409				-0.20185195841128983
13.4487				4.335394009671215
15.3257				-6.320315945429615
11.9335				-0.8255559916046854
13.4591				1.48078889331895
13.8524				-2.4945899177043405
13.5412				-2.5094805119588477
14.6939				0.9641400617244653
12.6021				-2.5474039889302644
8.20081				-0.4781300768297599
13.9161				3.318178854725093
9.29841				2.375957264177462
13.3733				3.7455321982376453
15.3636				-2.138418243138738
14.0234				2.8823451560050706
11.6165				0.534697721683981
9.18585				0.01781343543918251
14.1469				4.34457090722819
11.5856				2.8518231535055754
11.0826				-4.268694764079523
7.8003				-0.9681437649319089
14.778				4.311091115113545
15.0215				4.456253949447878
14.8446				2.7566916517986035
10.0205				3.260665856321812
10.1654				-2.0491597619874726
15.4449				0.8830082483619399
12.4881				-0.11460817581481542
14.405				-5.391497325174646
10.8136				0.06614178915013812
13.4925				-5.182143337560931
13.6209				3.514888442979112
13.622				-5.025410111543662
13.3302				-5.764458607986494
15.4015				-4.926006620244022
14.4308				2.2311302651913287
10.6859				-4.943089008044022
10.5765				2.0222199108431522
14.5348				2.5641807591833587
10.6961				3.641351646102648
10.172				3.864989509527695
14.8671				-3.2994549973873393
15.2198				2.6481745033402944
15.1224				-0.1628955452280115
15.2585				6.923409529714544
15.2439				-0.3482207590523877
8.20029				0.9315651795617481
15.3691				4.291192480000843
13.8123				1.4298343795257762
13.1192				-3.18318645066769
12.406				0.6619877426284644
14.4991				0.041055636012944596
10.0301				-0.024359058957606337
10.5541				0.8880548349293633
15.1865				-0.4193977147864665
13.2854				0.9891871959541501
14.8658				6.561238060773359
15.2127				1.901784841783781
13.3687				1.1103589573338297
15.0553				-1.5099425547486105
13.5197				-0.17556200489062304
14.6559				-3.7409663456936864
13.3695				4.915329947261558
7.60038				1.710762065977884
15.3101				1.5824672771131905
11.3448				-2.3658319072886593
14.4898				-1.4460099567654403
7.994				1.0409937872733108
14.8773				-8.288468317880676
13.4362				3.5606243608534647
13.3264				0.50965286761239
15.293				-1.5374251710391613
13.2184				1.572945447767135
14.2045				1.4107510984586864
14.0832				-1.062391950611038
11.4104				-3.28900159967018
14.193				-0.558170320584243
15.0903				1.5854870289864593
14.129				-7.381780528546486
13.9677				-0.3340933283641699
7.86273				-1.8622410697737664
15.0611				-1.0210722034361286
14.8852				-1.6010644935059992
13.5427				3.014630528871786
12.8275				2.460112606616998
11.2062				-2.2911757774249275
15.2147				-0.7225783572789303
14.551				0.22098101347029775
11.881				0.5945128084838548
15.3084				0.02170426782785926
13.1834				0.019667645806125737
15.3017				-1.8742916111828658
15.1382				4.646814997573985
12.774				-2.261965562204508
12.6468				0.7853576618309697
15.0657				-2.04668444275341
7.33116				0.7932486963473846
15.4219				-2.0612128795048843
7.89921				1.343527265917771
12.9972				0.8710753131938622
13.8871				-2.1060240293217096
15.1262				-0.168178493697907
12.8988				-3.004928210105373
15.467				-2.458925905350931
7.58698				7.908432691631539
12.379				0.36630360735589335
11.6912				3.99175191199933
14.3414				-8.533204751596752
9.98788				3.3744101856060897
7.34914				-6.931477946727656
14.1643				-0.06928158365197676
15.1356				0.0719941900967715
13.2909				1.640329507531452
15.3518				-0.431340610626897
14.7661				-3.821188388587837
11.4136				-2.588640562428833
13.8897				4.534714172668246
12.6209				-0.44080553736018835
15.2335				0.8220891197543946
14.919				-0.7878270011272448
13.8182				1.9343864677509526
15.318				-4.626575329830024
13.1523				4.7799267218194785
14.33				-2.8385178570744647
13.4553				-3.96012254326455
15.437				3.5579887999319535
11.1009				1.130897785924562
13.8357				1.1783807510884379
14.7299				5.125833314452448
13.6686				-1.9907112429489824
7.76717				1.7519876172058149
15.351				1.4273148292625877
15.1293				3.0961165577568455
10.0678				1.776086671736695
13.1441				3.8856549763079595
14.5566				5.69723979479499
11.3762				3.848226893489033
13.8363				-9.262056392600122
15.0055				-5.796887242275479
8.88632				2.080970027155466
9.27942				-0.7757930444719559
15.1518				-0.13276264192610499
13.1829				3.0545990777482253
14.6827				-3.5549529093232
15.2792				3.0754668597496053
7.43299				3.055521260261429
13.0714				-6.1730156121597535
13.4694				5.762076148183695
15.4607				-2.5694744129025513
14.6118				-2.0792696319460573
15.0754				-1.2761050109426033
14.9058				2.002151395201788
10.7752				3.5604484873207087
11.7949				3.921048854151395
11.6694				-1.2419504558516035
13.0024				1.7356798749194615
7.64315				0.4513183134822868
11.9628				0.0710749958776657
14.5661				4.637772458097812
11.6086				1.808200193321692
15.0261				1.8738830532795223
10.1661				0.9026515620585831
14.9579				3.8144144683559507
15.0648				3.347955492933508
14.7552				-1.7476053899034891
9.86072				4.7497588573609235
15.4283				2.4263964853528397
14.7187				3.4748099222080255
14.7347				0.34724850072638974
6.93539				4.818925824192171
8.67863				-2.530247479616438
14.1228				-2.7773818356230064
13.5191				2.7643543790890055
10.3292				2.2372596311514963
11.3611				-5.643073515196749
7.51817				-4.957493152278259
14.8712				-0.6418861128107515
12.7596				2.708405136714466
12.6344				1.1077652854864353
11.1274				0.050696713224715285
15.2748				-0.8439153316972563
7.20175				2.708404284798838
15.304				-5.462531900347842
12.7209				2.8086205424501585
9.85729				-3.733779515810244
15.3192				-0.7116310832368591
15.0639				-0.4299412436954618
15.0929				1.3018606825515748
12.3732				1.1711027060834107
10.688				2.4041674942651623
8.4994				-3.849415815851631
13.7322				-0.1267346248093773
9.89906				2.617807012093916
14.0				-0.45612726661775005
13.5164				-4.4381464267067265
14.6007				2.753620470944546
10.4254				-5.39768489948907
15.1523				3.6682307915481394
13.9939				-1.5615964101874655
9.32696				-3.988668955823605
7.24512				2.7337869782981117
8.45936				-1.687526734061274
10.7858				-1.0494793701012795
14.072				0.22221718598989593
11.6362				-3.7217960176884333
14.6018				0.04344458749907532
13.7748				-1.738831785539261
11.6583				1.8740779484214336
10.1882				-0.7595244911159638
11.1454				-8.995618051851551
14.6077				-4.971799630619609
10.9542				0.22494522320725457
14.1117				-3.1521729441246933
13.5175				-1.7399525934129443
14.3105				0.11180500867615126
14.6315				3.2796705451794876
14.2227				1.829298304206172
13.7104				0.8191654498249704
15.3183				-6.669970530533414
15.0488				1.4719382131232792
14.0053				0.5185627120568692
11.7141				-2.8082296720384976
14.8079				0.6895154379374311
14.4036				-3.6769374880693704
13.6567				-7.925114447155769
12.2159				7.1012425443843785
10.8729				2.4875864342556273
13.9723				4.919766363570352
14.9574				-2.298835646711437
13.7622				-3.590123959665216
15.2439				1.0554726255686506
13.2849				-4.937022428101445
10.2565				2.5432652568813636
13.9169				-2.438610644432875
12.4264				-2.597272716825008
14.2348				4.931123246310542
9.80273				-0.7556259943490524
12.6307				1.030855067163514
12.2806				-0.847336282446215
13.0802				1.4273118187928873
14.5772				-4.173772149021891
10.375				-2.2334114132228358
15.3332				1.7523709255296165
15.3042				-3.9800996515775307
14.5741				1.5718501606241926
14.075				0.08118382617161513
9.18409				-0.25493808253887
14.0737				4.090600667354778
14.9445				1.6606844849535443
15.3654				-3.643922597928469
15.0574				-0.5649456377182551
15.4553				3.8794074899478703
12.7518				0.9973381516489148
12.5081				-3.7814592083097534
14.5018				0.6719771980220532
11.3683				-5.268385237756254
8.87158				5.657203849797535
11.947				-0.1205810718012929
14.41				2.1245440373708364
11.8959				-0.915395888137551
11.0342				-1.303726357281351
11.2993				0.20844207763557376
15.2443				-7.350333675337174
7.47891				1.4486595803169253
13.9138				2.29419234848747
13.3803				-0.3401833865476192
14.4077				5.758079495572003
12.4566				-5.808711379322046
13.7835				6.785768611785197
14.8379				-0.583229942080687
15.4456				1.1662666999890745
14.3856				-4.001972168704018
12.2804				2.960491331090169
14.6595				-2.0798504939887565
13.2757				0.6440162066690807
14.7732				-0.567965766876397
14.738				1.6736978781995622
10.6629				6.796917555956713
10.0318				-3.268948584006507
14.5273				-4.761955992928992
9.58994				1.9148522518949558
8.20853				0.10990264441849804
11.3835				3.2830067070959297
6.95667				-4.3107941493347415
15.3679				-2.321601246362709
15.4284				3.517502289512297
14.5648				-0.03195691840758999
9.46864				0.12699341801940617
8.85406				3.268075763909782
8.94955				1.2792730069617568
8.20806				0.595683345678095
12.2523				-3.900890269284773
15.048				-1.01666908684115
14.2672				-3.880932275429007
12.0195				3.992179100135742
12.1155				-0.27482240947917325
15.1				0.7577106443926618
12.0833				3.8223554395107455
11.682				-3.2718069724389935
13.4711				-0.27678895156340033
14.1905				0.2283094865619913
11.0119				-3.123262311644912
13.5465				-2.4756567332494965
12.1883				-3.0069865704661867
8.87322				-3.981362613397825
10.7671				1.3182199249148894
12.6762				4.5127833857182384
14.8518				0.5085154745208011
13.9695				6.392225122280788
14.5169				2.7552659359518836
15.2688				0.01415570593623421
10.9188				1.6867429895266928
9.56265				-1.819015373720457
8.11958				1.444852301066652
15.2627				1.1130614786653463
13.4554				-1.1140577267343963
15.2571				-0.8865388653480233
14.2924				-0.3880601180868196
7.72978				3.1345996521652566
14.0933				-3.9930589051594727
14.4962				1.3386570365668944
13.6067				-2.524128917775837
12.9611				-0.3657013804748068
10.1698				-2.497631826414236
15.3665				-1.4679461417594557
12.668				-7.685357243269486
14.1281				2.0731695747046737
15.3722				2.4138678386460337
13.9134				-5.443195052152102
13.47				1.6848849383882967
10.5022				-0.39536802622300715
14.2038				-1.8508745508204054
12.8789				4.009945556509233
11.1424				-1.3193878533845917
15.0515				2.1616739453035643
15.4669				-0.3500446473824488
13.6842				-6.2950733232723195
14.5033				2.0658621539576316
13.0854				-2.3180116723593107
14.6494				-5.41086492813256
14.2217				-5.781329918360063
12.8026				0.8702495659148426
7.39003				0.39825669098348987
14.1835				-7.03396724023385
12.8691				-0.3097623093414929
15.1309				-3.2813743280742957
11.3961				-1.278570148767897
13.6649				-3.140605446555524
14.5769				-3.3951434686304873
15.0886				-4.742147907593691
11.4286				-2.1345647182118004
14.3597				-4.700475457761061
8.11259				0.20795157512252388
12.4707				1.787718203084744
15.1511				-0.7717100124285092
13.6696				-5.438120047750677
15.451				0.2531916783083574
12.7383				-0.7271394639165509
10.1453				-2.2340891248335337
8.86142				-0.2289580607105649
14.9298				-5.583769913474547
14.6403				1.1390724394273528
13.1475				6.957288504134219
12.9934				-4.1113344892842445
14.1922				0.2879080694255335
9.58245				1.5526609053342186
12.0876				0.5366990230649732
15.4048				3.381501603106742
14.8306				0.838879882290419
14.9591				4.2220963216508665
14.3539				-0.10078905065589935
13.4381				5.145210783876099
14.1747				-0.4375540576192528
12.3194				1.9059413830556813
13.3488				-2.19348176928749
15.376				-0.5264397202530571
15.1616				-0.07927318056742402
15.0431				-4.0437003727678755
13.9073				-2.8524874695018916
10.1941				0.5728016993240558
15.0813				0.3116838443976296
10.5659				-2.9617173668598724
11.4086				0.4248046781685749
13.9199				-1.0098555096518695
14.8019				-3.240904989258883
9.14319				1.8044857905111917
13.1488				4.052500191078318
14.3171				-1.2205689027436353
13.9145				3.7232107580330194
7.65146				-5.301077435530759
11.3728				-2.179622366945832
9.11422				3.021111067123634
14.5181				-0.04352969811969678
10.0217				2.703215192322274
14.4623				1.0384173195386923
13.2715				3.5253569059871337
15.0631				5.632797413633352
10.6009				5.251889519272752
14.9154				5.829676305808679
13.6603				-0.5171376465092006
13.3731				-0.8689564499253324
14.7524				-1.1704822714412109
12.2752				-3.7259449677404386
11.4111				1.3868111006745374
15.3541				-4.425006020992322
15.2802				2.3100492822273493
15.4067				-2.7066908208869283
14.3442				-2.494504993081377
10.6592				-0.15903499671895477
13.7889				-0.420497934709115
8.39057				1.9229403930642692
15.4247				1.0744629765316982
15.4062				-2.4423471782830894
12.4997				-4.820927055691368
14.196				-0.8903741740087253
14.6575				2.6945727551814906
14.1126				-1.2380126917038503
11.1096				-3.799886948164491
14.0471				-3.624974247598394
13.7991				0.32172074735390915
15.0096				-2.1224961662175645
14.4658				-1.2655189246850032
15.4463				3.015399761410802
15.4411				3.002562378637494
15.4338				-2.9161068583632703
15.2779				-1.7949993831089643
15.2957				2.9249469041605254
14.7298				1.3130584158911518
9.4826				0.2377946084504807
14.4953				1.1390764865901417
14.8714				1.2841875696161338
7.53577				3.563623770587471
14.253				1.1805948796381276
13.2063				2.2166428414273738
8.661				4.771559101863536
13.0364				2.181782234171421
15.1108				0.9771699927250006
15.2225				-1.6585227665561388
15.1738				-7.112177725618982
8.70541				-0.7702572871559126
13.0813				-0.19147861164762026
15.4296				-4.7195778073567425
14.226				-3.991174938151315
12.7291				-0.7331441180300794
13.6691				-6.379993499922845
13.7764				0.3613646425844014
14.2472				2.2881598228764823
12.0469				0.6400904064082028
15.0495				-4.38203626222401
15.3673				2.706845866220547
14.1495				-0.9079810811385605
9.85178				-2.671231048642914
15.2721				1.3506214619800272
7.41085				0.24418695953046632
12.8544				1.053098207125372
14.6766				6.180443098145215
14.6472				5.265172146988907
11.3785				2.509240496659367
14.6525				3.928654306269062
15.4552				-2.1022622176024752
11.2496				-3.152136763191132
14.7954				-0.7382757167396751
13.2577				5.073029188229112
12.6215				1.9620682834158274
14.627				-2.3238045730419703
10.8349				1.6088046886073517
15.1019				6.248273771508909
15.094				-1.6125359231277239
14.5489				-1.30723209194498
15.1305				-2.723132030515385
13.0791				-0.11646932690019886
15.2379				2.367778111126205
12.8658				0.7247022626537907
12.3339				-2.41500589807924
14.9287				-1.2023169132646412
13.1867				6.238717126771057
11.9519				2.5239658718989895
7.8118				-3.6898153431768455
10.7003				-0.4633955450975618
7.17419				6.948808352813545
13.3337				5.29463586655036
14.5408				-3.162672070813045
14.807				-0.937296904931349
15.2357				7.180512853137782
14.7537				3.284357233447447
9.16017				-2.8260679118029675
10.7924				2.997113444396832
11.3967				-0.9011561026071828
12.2705				5.011977267972096
13.912				-3.1956280010791653
15.2886				-3.4769832204285125
11.8265				-1.7764366873418873
15.2812				-0.5478245143765889
13.6726				-1.080148003593688
13.7913				1.973982587639202
14.7053				2.656361381313758
8.82784				4.607522669677305
15.0603				-1.7394780786146913
14.3742				-5.989462772959057
15.1518				0.4124391481850331
13.3814				1.4122955307707192
13.5974				-1.7342974344823978
14.9569				1.461854463268001
14.572				0.7461358629701411
14.1882				0.6552759699319934
12.4388				-6.26389093078973
14.4575				-3.486895221659566
10.3991				1.8595813993190564
9.49274				4.028492937561173
15.3843				-0.20980289651190798
12.2093				-1.9000803169806795
14.592				3.6405169269479907
13.896				3.0764269155192996
15.1524				0.7442501756250559
11.7881				1.880387048063699
12.6919				-3.5630519760862915
13.2196				-1.1156680285776952
13.5991				0.4227924746532197
8.17825				-2.3737370349445683
6.91894				0.1514459800559173
15.0562				-2.6624841705890763
13.7651				-1.5530096560558357
10.3754				4.805213924035617
9.21656				-1.3616699376764902
12.9673				-4.929530095244919
15.3692				2.8033303732136714
14.5597				-4.767996915388544
15.1716				1.408829187963502
15.2707				-6.622794429842829
14.826				2.6635199947811667
11.8765				-1.4035439270724208
11.6025				0.907559258328341
14.7308				-2.1445448720049463
12.858				-0.8524837926668714
10.589				-2.996189733341813
9.03621				-1.3169816018583447
15.0715				-2.2194695386868792
10.474				4.422029640599218
15.4137				-1.6871974799308573
14.1174				-3.727836020700507
15.2174				-6.2814688759280575
15.4105				0.26503557945740513
13.3767				-0.19689489329940157
14.3912				-0.8559536539577643
14.1942				-2.3633516636408847
15.0747				1.00367062248983
15.3277				3.3230987612691507
14.8057				-7.2672207022893724
6.84883				3.8870762125312828
12.3418				-4.834584324899758
15.3994				-3.9291856434171217
11.926				-3.18549749455367
14.3129				-1.7899758485822588
14.3438				-0.2688567640883388
15.2067				1.3790999510243496
14.4897				-2.7771783953696625
14.2737				0.019996450890089067
14.7759				0.4759187567216525
12.6902				-3.5191260252242156
13.8209				-2.041555029086234
13.7554				-1.6813132563795623
14.0017				-0.8964877057705407
15.2058				0.2773887802604559
12.8154				-2.770485841828083
13.8042				0.8144527125585614
14.7863				0.4577817553468202
10.1634				2.3975767929925773
15.4113				-2.155082366723867
15.156				-2.503989079618039
12.5837				1.3153782196273307
8.20493				-4.6978349683051555
12.5103				1.5777824183120188
13.8863				1.7882571682144972
14.7798				-6.6508730365089495
14.2947				1.483744490353868
12.632				2.086220797115262
13.5145				5.7851479896461795
15.0912				3.5477117908142253
9.92278				-0.3796432687858059
12.6043				-3.5596067050156224
15.1727				-5.011777713670687
13.0236				-1.1355251580131025
14.9757				5.233538646040163
14.3939				-2.7360680762917546
14.7803				2.7683571169726866
13.7692				1.83011502126645
14.0126				-0.8382246377887381
15.3523				5.0359354697890755
15.3845				8.046013858963708
12.3395				5.340506901261201
13.8817				2.1047203892202884
12.0248				-8.970195959339893
8.26447				-2.096370777637802
11.2164				1.0895876400615097
13.3563				-0.7353099477180498
9.79352				-5.855300019074127
14.2059				-4.879702603231523
11.0066				-6.817935816359233
9.87946				-0.8803287696529531
15.4469				1.441179245175365
8.7667				-0.8687608125615977
14.9744				-0.64679504107793
13.7357				2.6694631695050024
13.4913				-0.15831067996378687
15.1755				-2.601926980928983
13.7693				-0.5244315730685947
15.3673				3.7531418874186246
14.1747				2.4507006578920962
14.5175				3.272987853841275
14.4534				2.991307218986952
12.3875				-2.2196296084124887
14.4915				6.180506968942508
15.2623				3.3049055325579015
15.15				4.007523267669406
13.1608				0.010669838211750406
14.9581				0.5244599221392882
14.3843				3.148781548995414
15.4387				3.911816122462385
14.9094				1.3905040832260616
9.93796				1.5517908398366371
7.10802				-3.984438893560257
15.3894				-2.3730609470034776
14.7199				-0.05859940712260001
10.2546				0.7002989984900067
12.2406				-3.624109878003921
