#All the are expressed in picoFarad
#c1	c_equivalent	
36.0547	13.9444
9.05517	9.75808
76.678	16.2504
85.0123	16.5221
60.0532	15.5582
45.7582	14.72
45.4156	14.6961
25.4678	12.7886
58.749	15.4929
42.8017	14.5056
39.5529	14.249
91.6451	16.7117
72.7426	16.1068
1.23627	7.19437
51.0647	15.0657
70.5069	16.0202
28.214	13.1288
11.8651	10.4455
42.4417	14.4783
16.0755	11.3186
91.8719	16.7179
79.901	16.3604
22.5478	12.3879
50.3625	15.0226
50.5456	15.0339
33.6246	13.7131
52.7138	15.1641
54.3797	15.2595
3.60801	8.09807
53.8034	15.2269
30.5632	13.3953
42.5935	14.4899
90.1929	16.672
63.4877	15.7214
68.3965	15.9348
54.7638	15.281
1.2155	7.18585
73.3147	16.1283
37.3778	14.0633
10.4941	10.122
5.57287	8.75548
28.9063	13.2096
72.7624	16.1075
44.5235	14.6326
71.1347	16.0449
90.232	16.6731
26.8621	12.9654
90.5746	16.6826
63.09	15.7031
29.7486	13.3053
98.3632	16.8838
72.5589	16.0998
11.5929	10.383
57.9643	15.4527
69.2191	15.9685
84.5089	16.5068
92.0738	16.7233
46.7338	14.7872
32.9752	13.6483
39.0427	14.2065
13.9754	10.904
10.1124	10.028
30.5916	13.3984
81.7197	16.4196
14.1844	10.947
95.2353	16.806
95.2663	16.8068
9.50258	9.87408
39.4954	14.2442
91.415	16.7055
16.4763	11.3935
50.2061	15.0128
14.4366	10.9984
43.2206	14.5371
77.3882	16.2752
73.6251	16.1399
15.051	11.1212
8.06695	9.4922
96.0295	16.8261
19.1864	11.8677
38.9998	14.2029
60.6721	15.5885
16.33	11.3663
65.2136	15.7989
25.2961	12.7662
96.0878	16.8276
91.2747	16.7017
57.0655	15.4058
56.0384	15.3509
89.7431	16.6595
57.918	15.4503
1.68837	7.37707
1.4554	7.28358
2.64735	7.74786
52.3944	15.1453
35.3246	13.8767
93.9186	16.7721
82.6525	16.4493
52.1385	15.1302
95.0087	16.8002
89.9175	16.6644
88.0884	16.6127
52.5999	15.1574
50.2667	15.0166
82.671	16.4498
74.4621	16.1709
2.13687	7.55324
84.2245	16.4981
67.5424	15.8992
76.9724	16.2607
94.5779	16.7892
84.8266	16.5165
28.3756	13.1478
93.769	16.7682
21.9149	12.2951
84.0262	16.492
24.4061	12.6479
56.6638	15.3845
39.5858	14.2517
17.5643	11.5903
97.0905	16.8526
6.07297	8.91136
1.23934	7.19563
55.3658	15.3143
80.3485	16.3751
69.1381	15.9652
34.5844	13.8066
18.3791	11.732
62.029	15.6535
99.1582	16.903
75.105	16.1943
22.7232	12.4132
74.084	16.157
73.0203	16.1173
5.90628	8.85989
12.7973	10.6536
43.9049	14.5876
71.2395	16.049
80.3526	16.3753
47.3168	14.8265
72.2621	16.0885
7.08512	9.214
47.0141	14.8061
67.8201	15.9109
95.731	16.8186
68.6964	15.9472
56.9917	15.4019
72.0791	16.0815
41.2602	14.3868
98.6042	16.8897
8.9987	9.74325
76.03	16.2275
17.2344	11.5316
96.5975	16.8404
48.057	14.8755
64.9664	15.788
40.9754	14.3642
10.4659	10.1151
36.9557	14.0259
88.1168	16.6135
78.3968	16.3099
98.0985	16.8774
24.3309	12.6377
41.6761	14.4193
95.9843	16.825
8.02735	9.48126
42.0704	14.4499
79.5625	16.3491
48.8349	14.9261
71.8693	16.0734
15.0965	11.1301
15.4576	11.2006
91.1504	16.6983
1.7215	7.39026
65.1765	15.7973
5.07988	8.59745
56.5619	15.379
88.5019	16.6245
6.91176	9.16334
7.2804	9.2705
21.1851	12.1852
85.4172	16.5343
28.1202	13.1177
5.3855	8.69593
13.8114	10.87
72.7037	16.1053
88.4947	16.6243
11.826	10.4366
36.1375	13.952
43.051	14.5244
28.4296	13.1542
39.4146	14.2375
28.6205	13.1764
57.3107	15.4187
12.1986	10.521
11.9293	10.4601
39.9063	14.2781
38.3282	14.1459
44.1518	14.6057
2.36411	7.64063
33.422	13.693
44.2408	14.6121
16.0919	11.3217
48.7511	14.9207
2.51495	7.69797
8.20311	9.52965
28.2216	13.1297
46.3336	14.7598
71.766	16.0694
17.7043	11.615
31.8378	13.5315
54.5888	15.2712
19.0785	11.8498
29.2458	13.2485
86.7424	16.5737
75.0487	16.1922
75.3867	16.2045
9.90251	9.97557
87.3755	16.5921
21.7564	12.2715
6.09517	8.91818
17.6267	11.6014
17.8491	11.6404
26.9399	12.975
13.699	10.8465
33.6838	13.719
60.2027	15.5655
69.6143	15.9845
59.5144	15.5314
21.1416	12.1786
82.0381	16.4298
69.6615	15.9864
79.9599	16.3623
67.232	15.8861
6.15222	8.93567
1.95465	7.48226
40.1337	14.2966
76.7173	16.2518
16.1076	11.3246
51.6776	15.1027
17.1456	11.5156
3.4279	8.03395
62.3612	15.6692
96.9895	16.8501
17.615	11.5993
5.13902	8.61664
20.9097	12.1429
67.1285	15.8817
20.3127	12.0497
76.1081	16.2303
75.2378	16.1991
61.6114	15.6337
27.9829	13.1014
34.0155	13.7515
95.0796	16.802
52.0664	15.1259
22.0583	12.3163
86.6322	16.5704
98.7939	16.8943
19.6338	11.941
82.808	16.4542
63.1907	15.7077
32.4832	13.5983
38.9019	14.1946
4.22134	8.31139
28.9954	13.2198
95.1269	16.8032
59.1196	15.5116
35.6437	13.9065
46.4606	14.7685
60.7691	15.5932
91.636	16.7115
5.60065	8.76425
99.0325	16.9
7.13266	9.22781
63.1714	15.7068
32.9717	13.6479
36.725	14.0052
9.94081	9.98518
37.7953	14.0999
40.4425	14.3216
38.2949	14.143
52.8403	15.1714
96.5276	16.8386
13.9591	10.9006
14.4964	11.0105
4.33332	8.34951
74.1783	16.1604
95.6715	16.8171
81.0002	16.3964
27.8655	13.0874
60.8573	15.5975
83.4734	16.4749
4.81867	8.51191
37.3157	14.0578
72.7294	16.1063
70.0867	16.0035
77.7896	16.2891
16.7934	11.4518
92.7671	16.7418
37.3363	14.0597
7.1701	9.23866
77.805	16.2896
21.9903	12.3063
27.726	13.0707
49.7141	14.9821
83.1957	16.4663
93.7701	16.7682
35.0925	13.8549
39.7983	14.2692
53.038	15.1829
38.7152	14.1789
90.7047	16.6861
79.8839	16.3598
43.4527	14.5543
52.2314	15.1357
43.6749	14.5707
22.1549	12.3305
32.5928	13.6095
7.49964	9.33323
88.2332	16.6169
1.51917	7.30931
83.1343	16.4644
89.6819	16.6578
72.6761	16.1043
76.3162	16.2376
30.8684	13.4284
48.368	14.8959
39.7269	14.2633
89.2625	16.6461
30.4363	13.3815
33.9162	13.7418
82.6099	16.4479
72.0846	16.0817
41.1047	14.3745
59.1767	15.5145
69.831	15.9932
59.1578	15.5136
80.9086	16.3934
86.2228	16.5583
39.3167	14.2294
74.2824	16.1643
89.7322	16.6592
58.4739	15.4789
8.68739	9.66071
12.4098	10.5682
79.252	16.3387
31.8673	13.5345
6.223	8.95729
26.5722	12.9294
28.9422	13.2137
23.689	12.5497
85.2818	16.5302
60.1087	15.5609
42.5267	14.4848
48.5912	14.9104
60.5391	15.582
85.9093	16.549
78.829	16.3245
43.9723	14.5926
83.474	16.475
79.8034	16.3571
67.1655	15.8833
95.2694	16.8069
91.3447	16.7036
89.0114	16.639
82.1386	16.433
27.4773	13.0407
58.4059	15.4754
64.7961	15.7804
76.1166	16.2306
25.8678	12.8402
94.9763	16.7994
27.089	12.9934
13.9037	10.8891
54.4725	15.2647
16.8478	11.4617
62.0435	15.6542
68.1128	15.9231
67.5035	15.8976
45.7526	14.7197
33.9699	13.7471
41.9484	14.4405
9.55685	9.88797
64.2749	15.7571
4.6553	8.45775
70.371	16.0148
81.7824	16.4216
81.423	16.4101
47.0465	14.8083
96.18	16.8299
95.4297	16.811
97.4543	16.8616
65.6215	15.8168
68.5725	15.9421
97.1661	16.8545
71.7426	16.0685
54.584	15.271
38.6545	14.1737
76.8642	16.2569
72.776	16.108
28.5609	13.1695
91.6784	16.7126
75.7777	16.2185
87.3533	16.5915
61.4977	15.6283
95.0048	16.8001
36.1566	13.9537
94.7475	16.7935
9.21785	9.80056
35.3543	13.8795
89.421	16.6505
95.933	16.8237
21.1359	12.1777
89.0043	16.6388
78.5722	16.3158
90.8043	16.6889
62.6549	15.6829
62.1707	15.6602
70.9395	16.0372
86.3447	16.5619
56.2992	15.365
39.0361	14.2059
48.7187	14.9186
59.0626	15.5088
6.42115	9.01737
86.3965	16.5635
44.2407	14.6121
22.0227	12.311
19.7345	11.9573
43.2772	14.5413
43.7424	14.5757
74.6933	16.1793
11.6246	10.3903
1.46485	7.2874
73.4187	16.1322
57.7583	15.442
31.6653	13.5134
88.1422	16.6142
30.8431	13.4257
60.7668	15.5931
98.3714	16.884
23.7093	12.5525
22.0304	12.3122
86.5168	16.567
57.2041	15.4131
26.1885	12.8811
5.29477	8.66688
67.0285	15.8775
44.7846	14.6513
22.6935	12.4089
80.9601	16.3951
15.4371	11.1966
86.4747	16.5658
2.61623	7.73617
31.3511	13.4802
18.6542	11.7787
100	16.9231
65.2952	15.8025
37.8741	14.1067
53.4477	15.2066
72.6198	16.1021
24.2533	12.6272
96.61	16.8407
9.26939	9.81395
53.4756	15.2082
80.1042	16.3671
65.8816	15.8282
6.74379	9.11381
6.44454	9.02442
30.4978	13.3882
29.7755	13.3083
32.0778	13.5565
71.0198	16.0404
11.431	10.3454
54.5271	15.2678
69.1045	15.9639
22.3225	12.3551
6.45993	9.02905
82.9419	16.4584
59.7259	15.542
34.0129	13.7513
92.4522	16.7334
51.3641	15.0838
56.1632	15.3576
2.21408	7.58307
66.4671	15.8535
71.5462	16.0609
41.7734	14.4269
10.3279	10.0813
79.7078	16.354
27.3936	13.0306
47.0681	14.8098
12.0253	10.4819
26.3008	12.8953
99.9369	16.9216
89.5457	16.654
31.7335	13.5205
96.856	16.8468
93.6029	16.7638
60.6929	15.5895
16.098	11.3228
91.1004	16.697
17.472	11.574
18.7291	11.7913
72.6804	16.1044
74.7868	16.1827
24.2313	12.6242
36.5813	13.9923
51.3958	15.0857
8.5881	9.63411
55.2524	15.3081
70.6433	16.0256
14.7521	11.0619
98.6135	16.8899
81.2191	16.4035
96.8011	16.8455
5.80231	8.82754
48.6912	14.9168
99.5422	16.9122
10.1636	10.0407
28.7264	13.1887
5.68807	8.79177
26.2093	12.8837
97.7669	16.8693
65.9033	15.8291
55.0138	15.2949
57.7823	15.4433
44.5547	14.6348
64.3351	15.7598
35.0996	13.8556
7.75657	9.40582
32.1609	13.5651
87.729	16.6024
29.6864	13.2983
26.7973	12.9574
17.78	11.6283
33.5046	13.7012
90.875	16.6908
24.0691	12.6021
70.2132	16.0085
97.7879	16.8698
43.5757	14.5634
56.0082	15.3493
80.2402	16.3716
23.0401	12.4585
91.8342	16.7169
3.05666	7.89956
57.4539	15.4262
82.7846	16.4534
43.9718	14.5925
16.3685	11.3735
29.565	13.2847
34.2656	13.7758
79.1015	16.3337
20.5809	12.0919
7.03519	9.19946
32.0815	13.5569
82.2266	16.4358
33.2583	13.6767
56.0271	15.3503
31.3164	13.4765
5.80762	8.82919
68.7075	15.9476
50.4679	15.0291
73.9661	16.1526
8.23432	9.5382
45.9861	14.7359
43.7578	14.5768
51.1533	15.0711
63.0508	15.7013
12.8612	10.6675
86.5256	16.5673
79.1321	16.3347
71.0424	16.0413
29.145	13.237
96.3449	16.8341
22.0516	12.3153
22.4722	12.3769
20.8129	12.128
32.3302	13.5826
68.3631	15.9334
23.3726	12.5055
95.204	16.8052
30.5386	13.3926
10.7303	10.1793
28.7541	13.192
36.4315	13.9788
66.7573	15.8659
36.6264	13.9964
10.5599	10.138
25.9546	12.8513
99.6852	16.9156
3.39711	8.02292
86.4046	16.5637
22.8735	12.4348
41.624	14.4153
27.4076	13.0323
42.9772	14.5188
73.253	16.126
56.704	15.3866
49.3205	14.9572
66.8391	15.8694
38.5502	14.1649
82.7193	16.4514
23.8355	12.57
91.5057	16.708
22.6111	12.397
40.7049	14.3427
84.2947	16.5003
73.2227	16.1249
72.9313	16.1139
7.62662	9.36923
12.8894	10.6737
28.0857	13.1136
4.85381	8.52349
39.1228	14.2132
66.5865	15.8586
56.0266	15.3503
59.1481	15.5131
63.4815	15.7211
82.838	16.4551
21.6778	12.2597
64.5629	15.77
52.0726	15.1263
41.1769	14.3802
57.2862	15.4174
97.1981	16.8553
91.8888	16.7183
15.5112	11.211
15.1675	11.1441
16.6237	11.4207
15.7985	11.2661
42.1927	14.4593
96.7225	16.8435
48.9046	14.9306
65.235	15.7999
53.0221	15.182
44.1724	14.6072
46.2732	14.7557
71.4502	16.0572
94.3572	16.7835
76.6613	16.2498
59.2302	15.5172
4.41597	8.37749
34.1775	13.7673
2.92523	7.85126
91.4984	16.7078
79.1141	16.3341
24.0323	12.597
23.699	12.5511
53.6932	15.2206
13.9538	10.8995
54.4454	15.2632
49.8136	14.9883
76.6356	16.2489
56.2379	15.3617
58.0318	15.4562
35.9989	13.9393
76.5256	16.245
21.3351	12.2081
16.3517	11.3703
45.1115	14.6746
42.6464	14.4939
6.18775	8.94654
45.7246	14.7177
50.9979	15.0616
11.5595	10.3753
90.9057	16.6916
42.1567	14.4565
17.4145	11.5638
73.4262	16.1325
38.9196	14.1961
10.579	10.1427
41.219	14.3835
70.5581	16.0222
66.9168	15.8727
60.3576	15.5731
95.2911	16.8074
97.7408	16.8687
46.286	14.7566
6.02418	8.89635
17.3811	11.5578
60.9844	15.6036
77.9196	16.2935
26.2692	12.8913
69.6231	15.9849
98.0429	16.876
49.1401	14.9457
18.7844	11.8007
56.0294	15.3504
12.7297	10.6388
9.96366	9.99091
13.0704	10.7129
32.5055	13.6006
6.13009	8.9289
33.5605	13.7068
47.7595	14.8559
13.7522	10.8576
99.8711	16.92
34.7071	13.8183
72.4339	16.095
79.6328	16.3515
4.71073	8.47619
29.0719	13.2286
70.7583	16.0301
78.456	16.3119
80.9875	16.396
6.43921	9.02281
55.6772	15.3313
45.0004	14.6667
25.1808	12.7511
17.2332	11.5314
34.2653	13.7758
46.9931	14.8047
93.8231	16.7696
4.39364	8.36994
98.2752	16.8817
32.0626	13.5549
33.4664	13.6975
33.5462	13.7054
24.3838	12.6449
67.1867	15.8842
35.4415	13.8877
79.843	16.3584
90.9721	16.6935
23.624	12.5407
23.0251	12.4564
35.9541	13.9352
2.8696	7.8307
72.4517	16.0957
28.926	13.2118
11.8001	10.4307
38.1429	14.13
32.3378	13.5833
61.6248	15.6344
48.5302	14.9064
7.31148	9.27944
99.1245	16.9022
22.8639	12.4334
17.4522	11.5705
18.3139	11.7208
46.565	14.7757
44.5162	14.632
92.3162	16.7298
6.86464	9.14949
51.3046	15.0802
17.4636	11.5725
97.4622	16.8618
94.0207	16.7747
56.2387	15.3617
84.2066	16.4976
20.0779	12.0125
56.8374	15.3937
53.0961	15.1863
46.8568	14.7955
48.1509	14.8817
43.0024	14.5207
99.8754	16.9201
73.0247	16.1174
53.8569	15.23
29.8776	13.3197
11.9102	10.4558
72.1997	16.0861
69.2758	15.9708
13.5518	10.8155
5.56323	8.75243
33.5531	13.7061
38.2533	14.1395
22.4052	12.3672
17.5753	11.5923
70.3388	16.0135
30.7397	13.4145
25.1186	12.7429
62.4756	15.6745
58.0517	15.4572
33.4293	13.6938
95.4732	16.8121
70.719	16.0286
62.2857	15.6656
50.5252	15.0326
47.1689	14.8166
7.15179	9.23336
24.4041	12.6476
93.7157	16.7668
67.6716	15.9046
16.5174	11.4011
18.9454	11.8276
35.5864	13.9012
8.83192	9.6992
39.262	14.2248
14.3719	10.9853
4.5996	8.43917
65.5533	15.8139
65.8178	15.8254
87.9057	16.6075
25.5966	12.8053
60.803	15.5949
49.8375	14.9898
36.4699	13.9822
12.2807	10.5394
93.9343	16.7725
56.7728	15.3903
19.8826	11.9812
13.3143	10.7652
12.3917	10.5642
7.7945	9.41645
84.4173	16.504
36.7221	14.005
27.0005	12.9825
47.4513	14.8355
62.7015	15.6851
49.6972	14.981
49.3443	14.9587
12.3393	10.5525
67.683	15.9051
62.9588	15.697
98.2133	16.8802
79.7527	16.3554
61.6276	15.6345
86.2986	16.5606
50.8129	15.0503
73.1373	16.1217
64.483	15.7664
96.942	16.849
54.1786	15.2482
20.6234	12.0985
57.0351	15.4042
76.7686	16.2536
14.4203	10.9951
90.476	16.6798
29.9236	13.3248
66.8357	15.8693
74.0785	16.1567
38.4359	14.1551
11.1747	10.2853
46.4469	14.7676
82.0388	16.4298
14.7405	11.0596
59.7222	15.5418
82.6945	16.4506
50.4045	15.0252
34.9854	13.8448
88.4449	16.6229
42.3669	14.4726
72.3632	16.0923
90.8321	16.6896
96.7564	16.8443
85.3892	16.5335
29.8722	13.3191
86.2202	16.5583
66.5857	15.8586
26.5493	12.9265
53.7008	15.2211
36.1744	13.9554
81.6177	16.4163
83.2288	16.4673
21.8538	12.286
87.661	16.6004
68.9897	15.9592
1.36721	7.24783
33.6942	13.72
54.2983	15.2549
21.8124	12.2798
28.0273	13.1067
54.9167	15.2895
29.0799	13.2295
37.6546	14.0876
17.0554	11.4994
71.4273	16.0563
81.3174	16.4067
8.9678	9.73511
4.47985	8.39902
45.5112	14.7028
32.8848	13.6392
5.65423	8.78113
40.9287	14.3605
86.5548	16.5681
57.551	15.4312
70.9081	16.036
12.2629	10.5354
4.11544	8.2751
68.2394	15.9283
25.8197	12.8341
89.1029	16.6416
8.76799	9.68221
71.3577	16.0536
51.7351	15.1061
90.1747	16.6715
19.8905	11.9824
33.6431	13.715
88.8338	16.634
53.7646	15.2247
96.3694	16.8347
53.8942	15.2321
60.5561	15.5828
31.4883	13.4947
57.5251	15.4299
74.6617	16.1782
82.6225	16.4483
83.8383	16.4862
19.4851	11.9168
56.7826	15.3908
35.6583	13.9079
82.151	16.4334
95.8352	16.8212
2.25121	7.59736
10.9546	10.2331
47.8152	14.8596
40.8149	14.3515
60.8231	15.5958
95.0154	16.8004
99.0406	16.9002
49.7838	14.9864
99.5336	16.912
42.9937	14.5201
85.7669	16.5448
31.3357	13.4785
86.5819	16.5689
27.8318	13.0834
13.5182	10.8084
33.1914	13.67
41.4105	14.3986
99.1218	16.9021
9.366	9.83895
48.7852	14.9229
39.1003	14.2113
18.1121	11.6861
56.629	15.3826
73.1861	16.1235
86.6466	16.5708
30.1017	13.3446
39.8497	14.2734
95.9735	16.8247
60.2157	15.5662
81.7369	16.4202
22.0383	12.3134
3.17239	7.94178
98.3226	16.8829
55.3089	15.3112
15.2846	11.167
13.7532	10.8578
26.084	12.8678
6.64617	9.08481
9.51423	9.87706
77.7358	16.2872
64.1345	15.7508
39.2544	14.2242
33.7803	13.7285
32.7149	13.6219
22.7739	12.4205
41.3562	14.3943
76.1809	16.2328
97.274	16.8572
75.6682	16.2146
58.5888	15.4848
37.9135	14.1102
2.07888	7.53074
63.1513	15.7059
61.2657	15.6172
85.1524	16.5263
12.9888	10.6953
33.3476	13.6856
29.0806	13.2296
83.02	16.4608
54.3388	15.2572
71.9587	16.0768
9.6861	9.92091
35.0943	13.8551
74.2686	16.1638
43.137	14.5308
56.3525	15.3678
25.889	12.843
80.1655	16.3691
54.3667	15.2588
14.6917	11.0498
59.8922	15.5502
3.08362	7.90943
76.2089	16.2338
14.7765	11.0667
46.1118	14.7446
35.4443	13.8879
25.3918	12.7787
45.0198	14.6681
64.9088	15.7854
24.0688	12.602
72.4245	16.0947
2.58889	7.72588
43.5415	14.5609
69.7158	15.9886
47.4024	14.8322
18.1702	11.6961
22.2196	12.34
77.6714	16.285
24.4263	12.6506
78.34	16.3079
41.113	14.3752
53.4312	15.2056
68.6761	15.9463
53.938	15.2346
